time_period: 3
pair : 'BTCUSDC'
isLeverage: 0 # 0 - обычный спот, 1 - маржинальная торговля

values:
  #market_buy
  q_enter1 : 0.00024
  q_enter2 : 0.00023
  q8 : 0.00022
  q9 : 0.00020
  #limit-sell
  q1: 0.00022
  q3: 0.00021
  q4: 0.00020
  #market_sell
  q5:  0.00022
  q10: 0.00021
  q11: 0.00020

ints:
  int_0 : 30
  int_1 : 10
  int_2 : 50
  int_3 : 50
  int_4 : 40
  int_7 : 50
  int_8 : 20
  int_9 : 100
  int_10 : 50

int_triggers:
  int_trigger1 : 5
  int_trigger2 : 10
  int_trigger3 : 20
  int_trigger4 : 30